%YAML:1.0
---
vocabulary:
   k: 6
   L: 2
   scoringType: 0
   weightingType: 0
   nodes:
      - { nodeId:1, parentId:0, weight:0.,
          descriptor:"255 195 255 255 255 255 192 15 255 255 255 255 255 255 240 15 255 255 255 255 255 255 240 15 255 255 255 255 255 15 240 15 " }
      - { nodeId:2, parentId:0, weight:0.,
          descriptor:"255 255 255 255 15 252 15 252 255 255 255 255 255 255 255 255 255 255 255 255 255 255 255 255 255 255 255 255 255 255 255 195 " }
      - { nodeId:3, parentId:0, weight:0.,
          descriptor:"255 192 255 192 255 192 255 255 255 195 255 192 255 192 255 195 255 195 255 192 255 192 255 195 255 195 63 192 63 192 255 192 " }
      - { nodeId:4, parentId:0, weight:0.,
          descriptor:"3 255 3 255 3 252 3 252 255 255 255 255 255 252 63 252 255 207 255 195 255 192 255 192 255 3 255 3 255 0 255 0 " }
      - { nodeId:5, parentId:0, weight:0.,
          descriptor:"15 192 15 240 255 255 255 255 15 192 15 255 255 255 255 255 15 192 63 255 255 255 255 255 15 192 63 240 255 255 255 255 " }
      - { nodeId:6, parentId:0, weight:0.,
          descriptor:"255 255 255 255 255 255 255 255 255 255 255 255 255 255 255 255 255 255 255 255 255 255 255 255 255 255 255 255 255 255 255 255 " }
      - { nodeId:37, parentId:6, weight:0.,
          descriptor:"255 255 255 255 255 255 255 255 255 255 255 255 255 255 255 255 255 255 255 255 255 255 255 255 255 255 255 255 255 255 255 255 " }
      - { nodeId:38, parentId:6, weight:0.,
          descriptor:"15 207 255 255 255 255 255 255 15 255 255 255 255 255 255 255 15 255 255 255 255 255 255 255 207 255 255 255 255 255 255 255 " }
      - { nodeId:39, parentId:6, weight:1.5113637810048106e-02,
          descriptor:"255 255 255 255 255 255 255 255 255 255 255 255 255 255 15 255 255 255 255 255 255 255 15 255 63 255 15 252 15 252 15 255 " }
      - { nodeId:40, parentId:6, weight:0.,
          descriptor:"255 195 255 255 255 255 255 255 255 195 255 255 255 255 255 255 15 252 255 255 255 255 255 255 15 252 255 255 255 255 255 255 " }
      - { nodeId:41, parentId:6, weight:2.5317807984289786e-02,
          descriptor:"255 255 255 255 255 255 255 255 255 255 255 255 255 255 15 255 255 255 255 255 255 255 15 255 255 255 255 255 255 255 15 240 " }
      - { nodeId:42, parentId:6, weight:0.,
          descriptor:"255 195 255 207 255 255 255 255 255 255 255 255 255 255 255 255 255 255 255 255 255 255 255 255 255 255 255 255 255 255 255 255 " }
      - { nodeId:31, parentId:5, weight:0.,
          descriptor:"15 192 15 240 255 255 255 255 15 192 15 255 255 255 255 255 15 192 15 255 255 255 255 255 15 192 15 192 255 255 255 255 " }
      - { nodeId:32, parentId:5, weight:0.,
          descriptor:"15 192 63 240 255 255 255 255 15 240 63 240 255 255 255 255 15 240 63 240 255 255 255 255 15 240 63 240 255 255 255 255 " }
      - { nodeId:33, parentId:5, weight:1.5113637810048106e-02,
          descriptor:"15 240 15 252 15 255 15 255 15 240 15 255 15 255 15 255 15 240 15 255 15 255 3 255 15 240 15 252 15 255 3 255 " }
      - { nodeId:34, parentId:5, weight:0.,
          descriptor:"63 192 255 255 255 255 255 255 63 192 255 255 255 255 255 255 15 192 255 255 255 255 255 255 15 192 255 240 255 255 255 255 " }
      - { nodeId:35, parentId:5, weight:4.0821994520255200e-02,
          descriptor:"15 192 15 255 255 255 255 15 15 192 255 255 255 255 255 15 15 240 255 255 255 255 255 255 15 240 255 255 255 255 255 255 " }
      - { nodeId:36, parentId:5, weight:8.3381608939051000e-02,
          descriptor:"15 192 15 252 3 255 3 255 15 192 15 255 255 255 255 255 15 192 255 255 255 255 255 255 15 192 255 255 255 255 255 255 " }
      - { nodeId:25, parentId:4, weight:4.2312004334688519e-01,
          descriptor:"3 207 3 240 15 252 15 252 207 207 63 195 255 240 255 252 255 15 255 195 255 192 255 0 255 3 255 3 255 0 252 0 " }
      - { nodeId:26, parentId:4, weight:4.4628710262841953e-01,
          descriptor:"0 255 3 255 3 255 0 252 255 255 255 255 255 255 63 252 252 3 255 195 255 195 63 240 255 240 255 240 255 192 255 0 " }
      - { nodeId:27, parentId:4, weight:4.2312004334688519e-01,
          descriptor:"15 255 15 252 15 252 15 240 15 255 15 252 15 240 15 240 15 207 63 252 63 240 63 240 63 15 63 195 63 192 63 0 " }
      - { nodeId:28, parentId:4, weight:4.4628710262841953e-01,
          descriptor:"15 255 255 255 63 252 15 240 255 255 255 255 255 243 63 192 255 207 255 195 255 195 63 192 255 3 255 195 255 192 63 0 " }
      - { nodeId:29, parentId:4, weight:2.6136476413440751e-01,
          descriptor:"0 255 3 255 3 255 0 252 195 255 207 255 15 255 255 255 255 255 255 255 255 255 255 255 255 3 255 3 255 0 255 0 " }
      - { nodeId:30, parentId:4, weight:5.1919387343650736e-01,
          descriptor:"255 3 195 207 3 240 3 255 255 195 255 195 63 240 63 255 255 3 255 195 63 192 63 0 255 15 255 0 63 0 63 0 " }
      - { nodeId:19, parentId:3, weight:5.0125418235441935e-03,
          descriptor:"255 195 255 195 255 195 255 207 255 195 255 195 255 195 255 195 255 195 255 195 255 195 255 195 255 195 255 195 255 195 255 3 " }
      - { nodeId:20, parentId:3, weight:2.3572233352106994e-01,
          descriptor:"255 192 63 192 63 240 255 255 255 192 63 192 63 240 255 255 63 192 63 192 63 192 255 195 15 192 63 192 63 192 255 192 " }
      - { nodeId:21, parentId:3, weight:8.8831213706615827e-02,
          descriptor:"255 192 255 192 255 192 255 255 255 195 255 192 255 192 255 255 255 255 255 192 255 192 255 255 255 255 63 240 63 240 63 240 " }
      - { nodeId:22, parentId:3, weight:2.1072103131565253e-01,
          descriptor:"255 240 255 240 255 240 63 240 255 192 255 240 63 240 63 240 255 195 63 192 63 192 63 192 255 195 63 192 63 192 63 192 " }
      - { nodeId:23, parentId:3, weight:4.8613301117561913e-01,
          descriptor:"255 195 255 192 63 192 15 192 255 207 255 192 63 192 15 192 255 255 255 252 63 192 15 192 207 255 15 255 15 192 15 192 " }
      - { nodeId:24, parentId:3, weight:4.8613301117561913e-01,
          descriptor:"15 192 15 192 15 192 15 192 15 192 15 192 15 192 207 195 15 192 15 192 15 192 207 195 15 192 15 192 15 192 207 195 " }
      - { nodeId:13, parentId:2, weight:0.,
          descriptor:"255 255 255 255 15 252 15 252 255 255 255 255 255 255 255 255 255 255 255 255 255 255 255 255 255 255 255 255 255 255 255 255 " }
      - { nodeId:14, parentId:2, weight:0.,
          descriptor:"255 255 255 255 15 255 15 255 255 255 255 255 255 255 255 255 255 255 255 255 255 255 255 195 255 255 255 255 255 207 255 3 " }
      - { nodeId:15, parentId:2, weight:5.6570351488394240e-02,
          descriptor:"255 255 255 255 15 252 15 252 207 255 15 255 15 255 15 255 15 255 15 255 15 255 15 255 15 255 15 252 15 255 15 255 " }
      - { nodeId:16, parentId:2, weight:2.5317807984289786e-02,
          descriptor:"15 255 15 255 15 252 3 255 3 255 15 255 15 255 15 255 15 255 255 255 255 255 255 255 255 255 255 255 255 255 255 207 " }
      - { nodeId:17, parentId:2, weight:3.5627177643151035e-02,
          descriptor:"255 255 255 255 63 240 15 192 255 255 255 255 63 252 15 192 255 255 255 255 63 252 15 192 255 255 255 255 63 240 63 192 " }
      - { nodeId:18, parentId:2, weight:2.8103752973311241e-01,
          descriptor:"207 255 255 255 255 252 15 252 192 255 255 255 255 255 15 240 192 15 255 255 255 255 15 192 0 15 0 255 3 252 3 192 " }
      - { nodeId:7, parentId:1, weight:7.2570692834835374e-02,
          descriptor:"15 252 207 195 255 255 192 15 207 255 255 195 255 195 192 15 255 255 255 195 255 3 240 3 255 3 255 3 252 3 240 3 " }
      - { nodeId:8, parentId:1, weight:3.1471074483970018e-01,
          descriptor:"63 192 207 207 207 207 192 15 63 192 207 207 207 207 192 15 63 240 207 207 207 207 192 15 63 192 207 195 207 207 192 15 " }
      - { nodeId:9, parentId:1, weight:7.7961541469711917e-02,
          descriptor:"255 255 255 255 255 255 240 63 255 255 255 255 255 255 240 15 255 255 255 255 255 255 240 15 255 243 255 195 255 3 240 3 " }
      - { nodeId:10, parentId:1, weight:3.5627177643151035e-02,
          descriptor:"255 195 255 255 255 255 240 15 255 195 255 255 255 255 240 15 207 255 255 255 255 255 240 15 63 255 255 255 255 255 192 63 " }
      - { nodeId:11, parentId:1, weight:1.8632957819149354e-01,
          descriptor:"255 0 255 192 255 3 252 3 255 255 255 195 255 195 252 3 255 255 255 255 255 195 252 3 255 255 255 255 255 255 240 15 " }
      - { nodeId:12, parentId:1, weight:2.2941316432780512e-01,
          descriptor:"15 207 15 255 3 255 0 63 15 255 207 255 207 255 192 63 207 255 255 255 255 255 192 15 207 207 255 207 255 255 192 63 " }
   words:
      - { wordId:0, nodeId:7 }
      - { wordId:1, nodeId:8 }
      - { wordId:2, nodeId:9 }
      - { wordId:3, nodeId:10 }
      - { wordId:4, nodeId:11 }
      - { wordId:5, nodeId:12 }
      - { wordId:6, nodeId:13 }
      - { wordId:7, nodeId:14 }
      - { wordId:8, nodeId:15 }
      - { wordId:9, nodeId:16 }
      - { wordId:10, nodeId:17 }
      - { wordId:11, nodeId:18 }
      - { wordId:12, nodeId:19 }
      - { wordId:13, nodeId:20 }
      - { wordId:14, nodeId:21 }
      - { wordId:15, nodeId:22 }
      - { wordId:16, nodeId:23 }
      - { wordId:17, nodeId:24 }
      - { wordId:18, nodeId:25 }
      - { wordId:19, nodeId:26 }
      - { wordId:20, nodeId:27 }
      - { wordId:21, nodeId:28 }
      - { wordId:22, nodeId:29 }
      - { wordId:23, nodeId:30 }
      - { wordId:24, nodeId:31 }
      - { wordId:25, nodeId:32 }
      - { wordId:26, nodeId:33 }
      - { wordId:27, nodeId:34 }
      - { wordId:28, nodeId:35 }
      - { wordId:29, nodeId:36 }
      - { wordId:30, nodeId:37 }
      - { wordId:31, nodeId:38 }
      - { wordId:32, nodeId:39 }
      - { wordId:33, nodeId:40 }
      - { wordId:34, nodeId:41 }
      - { wordId:35, nodeId:42 }
